750147
258000
125438
780512
262441
679278
427170
940519
107040
555112
600635
732962
183308
698889
262348
521602
726061
483888
981291
566330
500828
896200
686166
819477
674990
693702
54808
535843
269549
603969
544637
139615
777061
527180
868753
609577
949433
146381
768078
759051
507800
681331
954576
249325
834256
553003
855398
679386
159343
720877
978160
668860
187059
429841
8438
464381
740777
153866
282846
642326
922133
180149
127630
72206
407769
933979
417795
318508
378875
446532
547772
445577
922121
745209
515503
47594
14834
361993
33677
151934
542141
285398
616495
322125
544168
40713
410959
481925
889382
877478
80321
280899
435762
868817
293044
639969
810807
957797
625437
906963
256250
135465
499631
161564
893956
755440
896111
654672
789158
789527
74248
702990
994555
350114
456690
2724
60811
97730
684497
4636
525826
645828
967960
669074
68663
449232
69522
654996
155773
676258
10441
26773
173134
95054
631279
856611
706512
25859
793760
579623
727482
432991
276845
325538
888369
897248
711884
355489
531048
230691
47062
776851
891512
127257
893468
971896
167405
589570
488705
592068
774125
72416
107619
458006
935015
195857
12913
740512
708021
449993
728146
865699
135584
571651
727520
486540
330352
955173
117170
655871
31728
956298
639162
972333
533049
657823
245216
242046
106096
561851
185779
936790
58155
535017
384814
582803
531831
898456
170937
183492
851275
860495
443053
731575
647762
302889
822530
702738
933582
920023
168888
854322
609970
235373
89816
305546
739434
689943
46327
759814
682461
601020
163997
818174
85585
7925
991136
541630
467009
552437
241948
819642
595149
245766
845570
79724
287178
759349
744288
63802
964224
88009
360545
480402
226098
215422
390004
122857
634125
506696
341254
119589
220571
759668
670705
919636
658756
127465
324125
312258
490305
137481
621845
584014
32083
409329
547551
6018
780914
95594
345580
845711
490724
35016
579713
48931
495088
535511
51543
933692
994376
819432
382670
721318
547277
700934
879603
829100
369700
424120
848847
322960
297713
827376
427970
570125
292380
248765
461447
248964
612672
392918
112793
121461
568497
705978
545148
1153
661258
284957
803455
575770
999416
262138
255589
939608
181891
200610
927482
883238
976281
384569
799711
825577
508752
550415
7250
472948
481363
220565
218470
86823
500893
330368
711934
403054
660239
842965
492437
220486
805967
919537
572823
481705
843946
298765
332671
762198
183848
544267
97848
926097
380571
366891
981858
409199
334130
925046
461960
894586
373275
444808
270311
848328
735582
607052
613365
947636
876604
447134
704726
821572
810704
847010
775429
428534
955723
18561
578158
777674
161469
165155
258457
906718
919752
70963
324264
452884
650877
471591
413166
864908
460711
935701
741682
938983
497227
679193
190548
468900
901955
701499
208438
153594
592084
596125
692494
874069
176690
962822
547266
36837
670903
558476
722904
740720
522896
5531
284468
231103
961539
108730
132066
735690
61012
534168
685186
555830
128758
771822
976113
715757
798745
466445
94074
281769
301964
775592
249027
658500
187787
848899
285867
919321
92430
70932
621865
291000
773702
850395
441574
346046
418965
8720
864210
945628
866081
765042
224431
354906
234728
952661
817096
447901
162860
70622
63571
742698
574144
988351
751138
43926
266322
677137
345009
702147
885960
763005
685350
996483
843753
204761
618712
589455
863908
418010
134663
532062
606892
708016
822738
229233
602788
721360
328561
746031
463351
380963
36831
804626
371400
218320
750194
891672
603081
971077
893937
855421
843649
57345
940162
833216
369319
985184
695239
530102
648347
35051
417717
585734
545943
484805
278589
707412
806928
398870
286533
553192
374282
643861
470833
893815
909163
990448
711138
835164
155002
65297
48313
184868
969679
173494
642586
321734
66457
823130
568893
435323
911059
272854
687274
943322
805624
518659
510476
604442
707063
567154
486224
63764
3453
476813
196661
572433
656839
405800
270369
159550
598343
212847
205438
64504
274756
158939
714563
220632
860268
26908
147393
468870
419530
895582
330454
909581
411397
96172
451161
106492
837122
852613
483397
695902
712851
628538
588244
772808
449496
483372
972227
691799
823725
409008
716798
730476
863568
236446
875835
305379
210116
555341
928387
977210
342481
651740
498658
326148
953978
812236
76467
29191
32610
73674
419017
381044
218657
522821
283064
703390
458421
622646
245735
916532
546670
266305
729802
155486
62045
31210
146440
7314
55159
719838
386949
106216
585761
254166
632254
208781
165435
913019
188863
190818
162692
741378
270137
431214
430296
935869
975787
827129
125746
633610
827182
823732
343854
77384
707583
100375
638419
901094
703989
420994
958115
876601
88786
349432
811948
547198
61999
327382
555508
12373
710237
568338
525949
182081
478606
84115
231557
85068
418007
359629
219925
414196
989161
354421
155064
114158
339474
692701
29803
936804
861988
244147
824214
594878
831065
669265
633318
83684
418362
139846
711941
173921
792626
67175
976349
104627
147013
750422
361622
898231
901209
29332
213356
113260
264250
464501
976171
276727
175976
703646
91997
469613
843237
721037
709625
731473
459408
412262
368877
477735
960291
813664
589948
446727
534657
132812
754128
871569
767249
197753
153612
979793
929585
615297
356422
125079
835847
153277
82396
667610
968831
50041
700571
861032
636176
36130
16940
445753
939354
161915
675931
948162
858642
809953
818166
353105
225760
969375
520428
89129
246674
49656
893274
264363
706701
695749
654492
137413
682765
91663
107635
406004
392498
28786
453182
753630
853412
519945
839852
333950
216339
403724
786611
803677
375066
257474
273412
294730
437982
326791
265115
433040
385897
103572
231057
850817
201121
905841
128539
605960
858025
602443
796319
509240
425349
585832
23196
673793
483272
503292
920062
174480
830114
528855
603658
480575
566947
199634
626201
602704
58336
962409
701173
303516
168039
395505
958446
944140
750884
565269
575219
826719
892464
690127
110959
819496
5243
59263
871862
294278
985575
200687
118426
104520
844648
827132
520867
650130
835871
864455
214534
370744
674992
597802
496745
249992
335658
353388
592548
978442
75278
641984
142017
879169
392215
585183
376135
807995
725920
100709
874128
584637
604282
467713
793171
661678
844964
658632
171207
502403
549287
904171
152657
930699
200800
471449
793547
714589
891723
270869
541366
325994
880142
849015
164679
301676
55168
52208
175615
627614
319868
643614
568626
874471
141583
755513
876990
355113
111777
807068
624003
278953
151676
431058
711882
645371
535178
224245
174855
315628
831372
908590
922105
69478
584985
210488
721273
98278
913095
342408
796354
434852
276650
194687
427429
639016
422635
462225
987682
556240
959892
2812
557589
549751
102442
755502
373461
843256
20244
812723
302811
8417
481750
388941
139533
630465
402951
87685
844780
765551
404619
428110
781541
125194
729067
27936
816360
923552
880194
314947
480215
767554
837056
101173
89788
677767
981533
648144
668097
613245
602546
132633
467267
812004
15908
997621
111958
993222
169066
945578
873315
967979
413505
728352
65696
989237
960496
868248
931309
258043
469818
432552
168262
278606
305485
534105
817976
774489
598285
944593
537611
208330
506258
118033
54019
722232
434727
525820
716457
872820
5799
645386
979609
861485
801004
303733
851756
97295
718445
838576
121552
712611
873409
355021
408118
854115
748872
468354
389952
892005
883457
843273
527731
339712
816382
513085
758819
422426
403237
690925
2321
703431
244162
402473
744899
739571
474679
739866
485286
861079
305386
440223
249590
368663
571360
634108
217289
546793
617642
580699
33049
659837
562795
405408
101067
19634
25999
570074
431746
362694
148901
373706
925517
396201
187396
722915
328045
145985
695069
18114
175293
768604
372310
347125
9906
193841
745445
208521
636243
279831
381910
498497
426696
995112
976976
132244
176769
969015
444344
547891
131559
553953
562238
169902
92484
283440
58011
685382
875890
800205
959363
854960
603733
926813
906603
977667
591187
648522
872400
55349
803816
886093
658423
300072
376764
370172
726562
333977
475207
610094
786794
964213
679719
686150
103160
51015
904732
335637
170675
802231
552566
650173
670304
109792
155544
140666
194636
400522
822317
289710
372398
235012
668655
595940
368825
145294
748281
593937
658780
193156
296892
111334
385536
849865
583714
445401
353118
12817
90656
780246
680591
656297
815252
206190
811141
408524
358132
592298
727555
502452
179166
226644
433964
653656
437291
524804
546150
978335
894584
744957
614129
189310
654923
649909
853935
884409
663952
854586
220280
572821
576028
966589
271911
525570
556384
605858
400929
603237
913093
932981
70431
209828
680772
781551
347842
42875
968589
131294
850045
137692
968114
363034
162751
475876
828592
817368
562553
136206
707898
838673
92420
897776
768225
524136
396525
225277
168441
661501
641930
357944
587446
103239
466760
66527
763463
555264
161918
848527
726338
447722
555617
963753
200348
673563
739296
545673
366770
73321
958709
519029
878318
489017
832133
193489
2494
830488
31235
675297
87483
496437
859790
696358
863383
568434
458364
91290
300925
942694
848493
521784
978564
302334
274406
294654
527604
236435
365906
344078
292854
827371
705632
253220
538789
68265
417456
337982
120485
910166
505658
404149
811423
410762
695682
820676
741544
24286
861387
794493
331461
234346
647769
522065
875271
204582
591139
481101
668038
947541
534764
280656
820654
83659
893860
83987
776027
103576
974120
93598
439517
270905
955325
748079
412500
921985
40672
343795
906304
351624
558268
896572
421481
989644
243171
520318
806365
687934
587639
625426
178791
513793
72399
679368
681256
313889
285416
836803
351034
504609
350683
913520
857649
450482
963986
877200
294390
242913
16835
747949
9725
183019
295192
619596
72879
207787
809272
86150
585583
965433
147902
763767
728154
407257
210603
47987
573162
876366
216757
249598
274766
515068
238956
853254
411451
387200
825113
963514
452904
268827
51796
5628
121139
788142
570036
181012
227409
298332
337851
543147
513803
795481
140914
711498
378543
839523
260539
713579
370156
445653
202408
483663
51447
949329
988861
975361
562051
547873
422570
988130
641317
615810
831987
86443
692683
258934
650855
833530
204747
138100
483618
208037
362866
552628
412224
63623
28498
764318
965918
740771
801676
573213
88176
464837
916939
832821
30618
798981
655970
414028
112769
932613
705848
12422
616389
458647
428995
13980
461933
403774