650743
358183
927877
823484
881660
580834
264567
181098
719561
345343
848804
971623
460233
957371
921354
133239
360081
613005
745250
408921
45288
529314
678093
38963
477091
705762
458578
823918
2742
714012
662223
428633
891866
783905
807773
818661
369620
355738
247940
398427
105788
262376
178295
431348
205947
693585
472563
501711
64297
974664
69806
69765
781938
83687
347365
806844
408611
459518
314172
35711
920028
209131
774061
106523
605082
649307
487582
259445
1629
955176
67605
433863
590360
647712
312323
45299
209605
338856
452954
373173
213417
923318
518942
230315
112115
325497
779576
398891
95421
605728
71625
463960
753531
462504
711560
444921
666990
473051
460769
344650
151265
812649
794079
418227
437064
857180
307748
47966
213796
337135
10160
283592
379835
258619
52866
235109
54057
789065
377549
623385
458783
914624
928763
794175
540380
898102
651378
421480
340679
790992
375545
617024
673650
931636
753795
817935
41398
703759
546760
313410
22287
921794
564424
240428
350741
912378
200850
869951
420679
440133