306793
727949
157887
277930
675741
602830
618737
111887
810488
256327
90392
482792
882917
209526
252751
907834
508227
376663
727958
41282
18910
493247
757446
592462
617451
661673
408570
669233
434217
439683
240050
903470
591772
355537
171154
312688
61949
84072
840738
797025
687869
633598
213195
578792
739416
554933
11064
737432
294464
807189
846692
906126
465914
173250
731192
280162
746997
807847
768748
31955
757313
572128
955544
604636
714771
447352
888824
792782
560283
565633
503658
697782
306171
770072
770947
575569
659960
768498
223985
755159
559103
610666
120687
813476
205160
354568
886781
666034
797339
922073
425468
689148
529798
661181
226686
600017
739960
782621
613084
251126
486516
845721
829510
222768
691067
122238
610843
267377
366334
165920
534560
944323
859232
324666
237020
271176
497341
771718
515237
964158
519033
745505
953561
779585
33313
877840
914656
808783
231716
121092
687564
458036
498367
819501
219732
935032
540478
651902
428556
819540
339092
459264
601175
601131
670019
230506
495463
482950
256387
264241
495569
688489
14969
548174
475947
581392
349490
718306
973942
569740
445337
128699
813125
721960
122743
254158
518172
476626
141921
233518
455895
690144
107010
33556
110472
684594
620411
83123
865506
277873
971585
384787
627542
80115
366370
375415
753257
630383
704983
191099
546393
565170
466076
877071
702318
608331
384948
923436
420729
141775
8395
884033
147166
653684
492842
725890
695700
53866
342704
382511
722763
908084
864567
151558
309162
886564
249429
410152
341894
638507
874448
860146
655422
720093
88021
533356
660137
144251
703708
983636
421951
56694
327537
345511
319563
180877
478681
165875
387016
879116
258822
249427
41846
263003
917855
287715
854723
773653
191398
107627
286674
570436
534401
315925
986440
448295
297207
538455
422858
976061
874360
197665
90589
273395
798732
849788
883252
750951
336352
561158
456734
356199
426541
993723
753071
465364
748073
161058
29365
788799
168743
215383
522684
508323
660403
258533
836374
462026
757289
229852
9888
489484
331085
998211
314725
847891
782919
236322
379477
715049
352796
618326
982381
757183
767444
753055
206336
275325
993755
429489
693274
242187
241901
246788
191239
276351
541485
311972
346058
836767
846170
340177
919727
976069
505711
232683
321582
904048
425111
332815
1682
838241
845387
194750
930398
772290
52386
777580
452364
516166
138035
988861
660300
892103
738254
377670
902380
535606
940674
924974
22322
971151
589235
13231
721507
787478
899209
374059
541950
209952
310453
201270
936289
482462
948278
975862
396007
967999
640467
897165
645140
997152
656552
373080
236100
304300
236449
164518
117149
629397
511220
690977
22148
972322
596488
111764
920701
342193
930633
886654
344482
991944
942477
852005
862406
288745
129368
664039
449801
665832
84521
142985
847533
411397
480822
620259
328196
157154
437805
289291
348308
219008
501309
581485
742375
582378
209201
736525
627618
19018
347268
444535
598204
212728
762848
515132
257941
521347
495957
984765
22449
648194
487194
840411
809279
426493
35208
424249
276018
368990
949501
705440
62481
999494
70856
645049
977768
472452
215746
875767
848213
643393
956850
976388
391844
885876
305934
867391
290896
238773
250467
830947
855249
650415
589899
757717
918281
816162
959633
182249
274069
255743
220603
498211
721158
488098
421335
264620
818181
734629
301200
248176
302345
137947
139834
606850
111798
900825
584143
725235
917092
49743
122957
757925
310574
135900
477624
445186
470742
475081
267688
779089
905444
306268
325285
762476
788874
579492
635918
309767
720749
366228
329531
775129
865609
434401
384922
311601
120045
369937
244768
88403
223006
468152
786821
379491
422593
933047
930680
42168
69613
122725
153559
652134
659878
142499
1684
254416
975795
798708
792736
577263
565387
910191
149111
253073
301131
967116
87164
833817
516510
466865
234239
140035
367756
484674
901941
940766
896938
741138
372640
322419
774739
744262
802210
652215
700827
31713
356487
476893
292941
919071
766810
637454
417652
823517
657616
918682
440046
625544
631117
73402
869907
598182
932065
676293
561953
528533
778567
260755
317697
507285
474728
334734
737804
686634
845790
403304
112035
146217
633529
468733
344120
148091
805391
646728
624842
51974
312595
686325
648903
539934
597972
21934
200646
10606
655755
156105
291689
22189
737297
260111
825910
810674
528725
551002
170214
355872
912874
989629
574815
257912
18915
170727
692769
71733
946576
669650
215375
290765
571073
507735
641471
291638
345028
287365
464492
844388
415165
434207
621111
268768
623370
91897
986295
341787
171865
774298
923998
290988
427945
437949
781242
427731
574377
204116
799142
429501
696528
699848
200457
596777
431707
857051
109677
224515
89744
394372
679959
242918
69404
79226
777945
236284
75942
874149
578384
60239
885762
846634
516889
861354
499089
633116
194167
206182
956604
631723
58483
354152
489595
353474
825899
150286
744608
288382
803039
472527
562455
543424
256091
831342
842654
513822
106109
694292
519382
851349
427231
352501
541255
134829
444560
616770
66876
78252
744327
24283
187375
92887
757840
209421
642160
613977
841829
278483
552721
460325
298684
867259
294049
737153
982005
421001
126213
60522
72505
93710
715782
222591
423649
347351
591598
938620
691830
567282
959544
801048
479879
289215
894708
93213
122274
509020
364563
909336
925566
104306
143035
879947
679656
220462
560414
976827
374437
153408
712395
423976
588444
518885
59035
801520
296695
658274
183896
735676
646670
775403
44185
381273
943226
9402
557675
738501
577487
994377
450233
348462
498524
434392
694927
433179
331746
622837
894229
172867
818192
759663
874865
481435
597239
854788
451860
364335
961756
204856
451430
963096
126540
803567
221789
148695
48249
416073
309352
815483
554314
697547
639587
809783
517621
990177
324368
898882
473563
672971
906529
948092
990476
271240
947870
676902
151695
415962
398040
832865
7591
250853
84338
344755
856678
974033
229904
727968
428762
344151
446922
986565
35305
177923
555718
894021
671131
679288
68134
406430
705318
936066
625378
213816
998280
292198
697182
615063
597563
638662
610688
431094
660041
923063
113475
900603
320772
677122
870866
706361
641991
89572
371825
851212
721143
142895
247465
246828
281761
361596
709853
590341
420077
860352
347230
536023
348561
744212
427092
466574
387450
435313
75979
111917
855543
871225
75065
630640
627945
997207
795549
109118
357490
150294
863200
515771
59987
88648
322968
643624
17457
637889
759127
799596
974479
348012
240156
213704
966651
820159
34090
733698
388519
534573
256196
767590
914153
669809
979082
2175
441725
630182
638399
567731
658091
131136
521050
482036
545535
852660
109602
331158
424177
145590
815091
380163
122969
948173
366210
532088
362328
379646
212501
323107
970751
590744
369797
707159
159516
940179
912563
620591
176338
54105
53656
36477
504189
837321
431608
188577
218626
499553
31967
718783
21209
973946
989054
401533
1062
984326
508879
510036
190331
213323
535988
686868
208243
460183
58167
412958
538511
783184
486049
150678
216248
735888
925805
554258
646029
600593
14547
734019
172704
971353
425233
117935
589622
511255
565577
763483
85859
789641
697157
219638
906707
502422
835189
198712
768548
972203
351055
909494
607955
664896
630691
716492
598749
307259
88439
147129
165255
399960
713870
290194
572838
502359
790960
715069
302865
863582
593970
902956
574557
715151
106699
125382
25948
542307
375534
509898
83381
309087
902187
732273
409923
538398
205905
407242
473872
115366
430703
207662
163444
703180
753718
965256
836272
628881
960935
992030
778251
617305
354290
95923
600070
993003
697828
214544
926110
299633
941590
954447
994433
847165
383097
285029
955456
551772
851688
653883
248802
349239
963662
56274
204142
624481
341293
130444
877644
638542
962268
939418
897365
644391
68734
566355
645518
889734
14547
220052
286056
85719
109306
856146
909851
892843
175075
24134
356665
629548
83529
729891
979699
605328
244636
234214
511545
401490
541100
78738
681475
560584
959959
891903
127099
637224
811409
47916
79746
957291
201948
873722
482909
122430
646247
116473
959027
394419
684988
65625
847106
775643
509753
370856
536619
251164
266101
951027
967572
659922
801296
626179
562730
173327
758036
733324
384120
965074
194786
433019
108380
503482
446500
977631
164791
864944
725553
825521
395856
450827
31894
358997
988104
708033
612965
164232
923638
841089
608113
212740
923598
378251
225699
775194
829796
727788
701417
409815
486077
510294
166693
859453
914
518477
822632
765778
9192
480320
310083
378672
366704
728320
234242
856257
167716
443664
3596
328236
510448
274664
306703
449001
694268
432577
574538
418619
232479
372926
647702
953656
111461
626716
266609
484961
47954
928658
678160
241129
304233
343337
722367
291258
462761
207348
379129
588701
785088
34222
730069
24098
47892
43611
4949
181193
929531
662904
861882
970234
685854
245692
230265
690038
131763
957105
511508
559256
300108
754822
451788
447216
802061
140144
291862
16080
664873
58861
783471
497470
436976
16274
846947
413547
194133
807651
847508
110214
573208
559528
966657
106237
220156
937891
48412
164453
619741
547788
803133
737997
22194
833424
415604
827180
248861
733701
633982
412424
128434
627863
965949
289655
703240
968454
653213
340384
364152
163916
96000
482264
372663
99783
967316
123920
82423
520592
956232
160049
662672
375478
314525
421787
938280
859237
907658
99091
370174
691027
731135
138786
394010
500371
811208
684480
348915
806613
551638
392017
769059
644970
378970
667115
287413
680294
194932
503985
390636
957106
358502
968322
87164
513663
135940
382746
882735
490936
367833
401442
474201
529569
204570
239915
354129
59865
669552
508211
102669
154666
738367
508068
182614
23636
878115
517459
292826
593932
298782
27404
385648
669422
8605
880151
287764
324076
369677
321883
101416
228033
137233
508359
448085
939994
672768
425932
579572
383362
240671
433910
134995
474835
818341
864603
742059
68432
437925
628274
1336
14766
148898
790953
174200
510974
415978
515332
233210
400176
389469
383934
114712
821163
952291
542853
730534
445584
510466
517280
967406
912793
58133
15696
472898
85625
946945
2452
606099
420838
9585
798772
148291
317119
639823
594776
59815
352673
181135
959854
664537
338357
557854
70840
122353
601900
84097
867580
617772
488586
64966
830127
561829
214467
256052
219252
518320
546095
856754
127469
965628
41911
136884
864936
154791
686545
669642
376304
261822
599448
537678
708288
266549
997730
4645
149901
862417
280972
161090
460942
95197
635028
667288
793425
576583
232943
926836
424820
102174
262047
414504
406143
966435
604877
928652
255751
657781
332099
546570
366300
936689
939716
720878
19690
462369
919285
312241
148647
587870
676679
313602
182270
338521
323709
723735
22207
519775
944026
98908
672501
124060
517851
746996
642394
127258
94627
798164
465967
94706
3702
20153
766901
90970
217992
512914
106516
671995
362783
219028
858222
298728
572326
126438
578889
250039
853612
694223
266817
100448
315074
572080
849323
691348
955827
819320
556429
571862
214034
356305
428423
932800
342179
380324
845572
178892
128626
273193
649631
533902
737337
2717
689387
289614
174658
296257
884437
323139
123831
965095
116120
102908
620464
457084
107148
986035
116981
487291
203159
781415
22533
71304
786655
23643
191837
700675
490038
331992
82153
985026
59840
398060
407932
483815
459623
727484
441058
467918
205863
159432
12421
298267
256462
988228
361043
382133
307114
498495
482731
621395
874907
98691
894801
158182
91762
320172
890652
436265
10238
53055
934452
791227
79796
351960
999701
774911
397267
836129
666740
49516
125591
694181
311281
603287
212442
552218
409079
370988
977098
805034
903852
939499
149399
700575
30508
25807
721127
409351
725525
727401
722624
207070
687039
229627
786794
286721
168129
138030
707219
828587
490521
355712
893469
575358
246807
412250
411665
686852
870827
805345
399125
366972
509348
433571
417075
707824
634302
133182
34840
164640
909472
920200
529352
159972
645933
759317
116036
692384
825390
180249
378497
383722
958903
740186
134505
581301
601897
522466
16129
639542
881510
14271
960720
543734
597879
971036
885377
65128
446602
148720
394059
686111
783749
328256
724271
714476
275922
372498
37258
387577
764538
739786
5669
322608
186118
76180
881207
677067
181070
509755
175405
338679
760691
659584
559939
313793
477497
160849
354396
840301
977704
94878
528757
449207
122813
52652
923419
287193
748391
823951
918486
621411
306514
70914
243577
784807
358634
613305
604848
829388
718004
389798
14543
210683
289562
614202
898229
172794
9550
626342
835868
251889
335723
721088
3655
478997
35001
742120
142172
545254
573510
427630
859660
298473
993577
264797
906568
796177
93811
880062
733780
706309
112915
497385
510654
459823
237612
270375
157232
82655
506632
290727
390621
324135
252149
18300
828534
422676
41486
146024
774994
825015
62875
395791
965633
940914
471989
174927
979569
670602
4690
10682
63405
831344
797300
884880
306508
808012
5679
299057
337193
497738
641158
689071
910610
155466
195523
855559
228429
535277
668882
471138
547445
634859
918033
909707
754229
753418
671786
523993
321609
974973
831828
860623
899050
274369
845244
975785
453852
682999
706225
696505
234901
212644
465886
83186
410733
937438
822302
523431
480667
438283
463187
427925
408339
734958
137600
431717
874829
47295
433076
923772
515929
28123
133209
972221
447725
675332
301958
63309
514126
642974
254747
547598
825938
154630
650086
843536
52811
744274
837279
810360
825738
169803
395126
812345
377735
157064
456438
94473
749797
8604
297159
242536
729448
949870
460791
907661
998885
370291
919868
948583
753148
367771
289469
964909
452495
942933
615164
255171
235201
267210
900722
719324
366764
3387
79902
690427
516959
399180
333873
319580
610904
781482
980650
475815
257355
731274
397635
472818
316540
147287
529542
853677
670364
122254
236515
89152
291411
188436
296779
981439
126261
834454
620308
213694
252280
970219
23009
160606
881585
594075
162451
885107
244321
700543
414964
792051
747008
927464
769618
62292
89301
97819
259634
39320
210005
276308
349701
876949
357401
34392
404321
976962
565337
78525
989705
8231
963858
751827
24357
946626
720852
306384
748954
575062
41132
836780
700203
112717
221269
803014
549821
207011
181360
553790
316025
602516
292086
88054
356625
650442
263676
35668
492998
98111
787629
747419
70303
923394
709578
65828
276460
519403
627867
551977
131632
999265
812629
589219
451408
260175
950760
467372
743134
927005
276080
247227
423916
214664
699811
367446
419594
169642
831271
47068
840677
582381
515093
822910
52378
735930
842260
816352
939197
202692
773760
624323
369293
227675
961261
964748
344398
220537
96387
684188
163993
602809
332544
595739
438267
433214
111005
494746
760615
807861
750009
923898
394835
932695
530166
738625
869731
573086
518032
679776
465967
939693
406222
486468
973544
397179
441184
178110
784426
118079
635794
970034
171450
507749
206994
437733
206617
463751
150071
673825
593890
495750
430130
270279
217417
487337
230482
180085
95941
15988
247795
248661
405038
957270
690651
235126
915534
160275
511350
36048
724374
621260
974341
201160
974591
765207
574192
679132
549129
58217
454287
781946
291885
790860
492467
197713
765108
470058
459788
653996
100341
474307
120051
979926
526571
727434
786522
47084
419755
664664
91799
43122
305029
178610
553376
177829
694873
188193
177112
582846
382197
163982
682923
860224
687208
891438
557037
674007
542317
452275
21553
285862
972296
849487
521409
869822
589792
84397
300226
595919
38450
635378
574663
330053
68642
30568
474393
470771
595994
142550
618306
776856
643740
464100
335966
334314
837652
411089
217492
325603
474844
368062
688879
712483
925179
867863
1344
545605
712059
378216
903237
318346
19720
577519
382748
573363
828401
415817
434615
982735
866333
131347
580939
152084
416809
602494
75098
664299
801176
830622
844516
8675
185794
304982
148891
798440
213440
818127
155574
209406
514062
966514
698920
696225
625017
526514
996041
417117
150196
190115
516665
341802
410703
315453
69376
423223
314031
893836
435590
159255
906882
776421
773807
149227
757676
727095
902256
667359
534030
191824
107042
962328
529385
93667
872568
892656
868339
790473
68993
739055
479045
64994
538532
850163
517121
137943
176114
186660
701508
964512
62346
679984
682951
151187
311410
122149
811688
606299
825965
136345
100158
955474
772823
769888
616951
667741
970531
829107
478674
257861
501355
250177
797830
840879
692784
294234
365764
14315
655540
448059
512598
560876
587997
698924
544918
541373
784249
639845
378575
331884
123502
284959
840281
763623
218644
245894
212626
993326
45819
324992
8437
863854
781705
306749
670435
238688
224759
970277
555729
761135
35287
543894
892603
901294
930099
91035
509168
648298
459971
800233
220316
698485
762489
490717
863202
551432
602118
692946
262585
358158
667155
233421
164833
625243
959055
950723
484415
202094
936033
672854
998114
699883
887399
354543
78637
548800
254846
467815
79612
393697
816931
994761
273034
957380
79060
802919
309984
220643
336981
838135
544830
325528
822557
388894
952845
590181
571172
565860
264689
861963
14855
605015
542623
569024
941212
106661
660982
462362
781734
568361
665735
507759
801178
31885
886939
939228
396120
290263
984122
23816
720544
524420
367066
142390
640710
304180
523716
161485
107736
735650
259435
18273
330086
608251
494981
410540
578038
917271
696082
781958
810708
862338
261056
108966
802959
10774
378407
478187
985101
422494
189002
668169
905603
196739
37230
710871
823157
317221
457720
843971
582128
490681
337694
939902
509063
970276
923115
256214
522862
769183
167240
894113
291885
843343
419317
355275
68222
510752
130945
88220
374631
891451
403908
939974
655668
57631
690998
364989
228623
806078
729959
682319
520526
970521
370023
347296
234030
906332
292772
465340
525527
377898
767422
322669
314030
50679
644534
728818
653930
549980
955096
900627
644366
890699
880766
766338
780466
763261
155300
252297
271097
967913
453834
268275
527852
844815
803056
763742
360577
191578
527311
646927
635019
161136
175262
909123
268700
797177
351426
485686
392535
361461
458844
556410
65803
559467
753420
85388
351328
153462
118663
468927
921495
68060
676261
87322
106576
557672
571287
236595
367146
176472
374972
288306
608497
721938
606952
718667
946395
628427
104380
767590
665749
148187
800363
936517
948129
312307
857152
336491
407247
512545
717993
68968
919042
142769
834343
413293
51251
846485
41609
966115
102826
761239
714095
854889
929593
513170
155923
580766
991690
93365
459026
306299
585230
590060
638292
376971
803116
252460
461262
269009
18735
136837
586976
849723
996636
366337
609333
402583
15372
515489
406061
649797
631865
266441
738470
874920
251255
558208
392754
213168
403331
953124
614008
171968
820279
447312
205252
665863
105586
275310
430404
329009
618422
827052
142125
820301
834536
461155
303655
163863
722725
506336
518140
465755
570908
779922
809868
29600
171642
345212
136230
719678
33443
404911
367906
926559
745345
539763
374979
386412
496531
754181
980590
257626
552130
956772
412714
230628
952412
479433
71021
491504
191572
559514
474394
926216
250014
8114
450066
287786
852403
900393
16872
213174
252277
74473
850910
185437
983378
223111
870228
980225
845225
531119
664847
435832
324416
340207
313796
879731
212167
257995
17316
302980
242116
557000
298948
888443
421830
290179
511098
313262
98639
814056
295447
660378
780844
920894
817854
312179
616561
73460
633695
876696
376954
174054
597114
364256
789150
771015
12441
13020
603525
776656
409156
628070
226082
697955
675422
126122
692866
39856
87453
438586
646620
478201
458334
474728
189717
537844
849171
846451
860769
724626
700243
111926
656234
337405
529247
238046
711393
553444
496557
890892
474133
229231
782929
305415
976412
459627
235895
62162
561821
639047
69310
439367
908745
950096
284917
786694
660560
218114
200841
820582
497792
586086
653072
26547
428482
573220
642695
669971
341695
923086
421842
870429
543268
702125
553361
19241
962795
870482
217891
926404
655711
743105
127887
168941
368529
816777
329251
428191
623958
769521
730058
112323
892493
709670
632475
988241
500057
675643
770277
451525
774970
511422
589780
878772
57129
120300
993449
393782
710603
609209
188985
421005
925136
84955
594190
470943
918742
983208
769130
299485
948936
385358
83084
977370
739641
267700
552363
574303
175804
918119
149726
664423
556482
379025
95674
270529
309019
358157
828645
541525
332065
838107
322837
527350
618982
780584
83855
478985
77169
489315
601552
753649
979941
841766
793250
296573
932439
370065
539343
707066
453152
225122
277440
189000
957107
834479
47972
792106
406753
663032
287125
38965
760040
857499
301304
728195
846539
571645
309852
204236
198551
748375
674177
591631
62323
670028
905695
634208
837447
410531
246703
709295
74131
502058
557260
464227
67647
597565
651071
63965
882221
393697
52595
536791
671260
914135
675573
166526
292710
825357
436548
870097
689173
920243
775845
34116
421422
309149
183963
428787
857788
22503
824464
190515
287228
397282
61848
633199
473643
987176
837749
266671
643874
903083
499176
47160
974816
539879
13224
545957
287411
175581
407251
645199
558869
959257
125110
890048
208156
721052
311066
224762
541051
797135
542666
772666
452625
336391
412785
341747
917201
638941
498239
949486
740626
701335
35406
51126
815744
544375
630339
384866
424033
990668
423903
277392
733060
483885
513387
37592
472951
100912
698749
702856
54832
54531
846195
685774
204497
791003
734877
552518
56207
361009
881090
415020
214877
542241
273879
295475
989991
587997
422105
376363
331106
457153
383579
628730
638628
525770
406588
99616
100613
580789
783017
661972
415815
832524
748681
310498
767445
951401
139969
615368
203522
337565
580929
872903
82413
272636
787459
334166
567773
357758
559800
656381
658078
609620
884717
24645
181956
458535
15402
138595
484226
196261
163283
79238
740937
897940
640211
800484
640448
496855
144834
491429
179268
451723
82704
971066
936132
21505
821400
30649
136611
928707
692294
58170
813131
717932
83917
40540
334791
985946
555713
687164
435020
122238
543912
351726
41819
195104
280479
928311
390839
424274
167760
867806
738778
773166
694377
987339
511985
95424
130970
45744
518495
78328
424376
91823
978867
574043
323691
591212
577646
885969
39930
984034
907196
565040
56483
215305
509033
31241
466859
587563
687619
19661
409237
27060
800709
439007
55462
112190
855999
564817
249714
563523
273868
909428
977916
500904
175329
91151
323093
404693
392362
50892
509269
365153
739824
700345
385305
998949
141664
433723
219772
243525
939172
296088
923
553475
835757
806652
431319
3296
939323
393439
973242
836915
798995
95612
700032
880421
109111
624298
149043
463575
149976
472768
130907
266391
172234
137313
369088
408580
28997
751995
504322
409188
198599
306164
356863
21254
539975
610253
777637
818826
445495
636849
628841
742709
164226
447119
687918
928482
66848
204195
424537
123663
574978
477986
29060
220779
712198
37371
716267
785092
892119
464836
713367
528838
446544
932724
431463
122096
345929
431998
115813
795822
773599
67666
861996
347269
805737
893575
305151
115861
641697
524978
981284
737508
292241
971953
121575
237004
369455
140799
41171
443349
363675
649053
345132
568117
969515
17057
848572
244661
313186
155802
881511
124905
480824
918850
724177
644822
982068
394069
259000
252903
759988
925546
374962
730803
411472
184750
553052
931109
626230
53088
921034
127186
295469
815285
886540
621164
369185
132114
639414
8975
731129
396829
369240
986963
214507
673594
611650
610248
148880
145922
737278
87070
767296
610690
783602
336536
899734
382330
680463
986930
227191
431044
90604
329072
420253
625432
166251
345874
949953
115940
115846
491395
683490
701536
227392
885659
75712
691774
717295
103101
519464
240962
849652
104247
236500
23299
497399
611143
4712
591871
703933
613173
663316
284217
907313
890322
455741
311088
633603
364740
685512
949423
448433
900166
350506
778459
604451
549908
486754
533190
946504
204496
604426
324446
572095
572649
329193
940757
852536
49196
769112
581079
745484
189718
129789
635147
480541
940759
398004
410747
20577
846146
779436
589142
328678
442495
368687
243642
947974
46825
183962
593057
832987
945843
919669
665880
160649
333408
321924
210840
34390
17896
356206
747873
752154
539443
664834
190658
7670
392735
361271
259229
932694
14210
185260
539170
238493
458646
619000
230801
664847
721509
264338
502794
881377
208462
818731
672825
205404
621798
875153
100646
968973
67720
128760
663452
802385
449616
210922
529964
646472
53928
746276
988682
44340
713781
870989
679877
660285
112099
919792
722684
615230
185826
3712
41766
702817
610455
835539
902079
865608
300212
675024
282260
468180
8328
682339
241083
425712
16872
410181
701300
217275
174455
965796
935637
969393
510289
497403
452776
337134
361401
433792
180344
340605
281281
493689
291723
468594
817017
659317
497777
438374
773020
915630
699316
701919
531747
375505
995769
197247
696981
249909
63593
639683
802993
901295
463254
1915
843359
578495
52327
912733
924881
127185
859091
453447
380585
62408
6499
532375
155774
278150
375124
517948
352708
254249
523561
966361
445956
97170
496495
959261
386853
724062
118968
537944
207750
276473
31873
538887
438123
961654
440741
762743
639615
407468
188666
665618
664298
548896
47836
234930
742126
78066
658133
146547
415728
554969
473705
829470
88932
278318
783327
873652
288701
220087
368695
44307
780992
99708
823262
381963
913411
483782
263607
136855
274649
33790
273337
59122
289055
761525
255494
84232
586745
578716
238230
597641
479412
411592
52397
484318
945523
829881
105585
702681
517867
240824
997115
560529
402307
754775
926409
288324
679652
863065
548027
96533
187706
687205
212267
281003
211060
907347
267942
349191
87477
207420
617301
792343
114712
81288
31612
631176
680825
902424
508613
937197
585315
661765
729552
739243
758842
649373
26513
577814
700523
549502
572009
346598
463734
449489
543419
813906
944304
494963
504721
851432
281631
765553
723962
106640
832437
890013
614299
243188
37310
332896
71736
235067
876884
551030
348961
184128
447471
666615
144510
766961
774717
420559
128391
157965
500953
602302
592177
659621
922768
402375
24268
334846
259356
248894
163454
974094
436513
873036
994100
513014
416744
126356
249280
41612
534975
109040
653202
472505
233294
593238
111056
622245
297140
599919
155054
793736
394560
806689
919218
571683
358703
586479
584125
486957
924259
368994
491971
500034
595536
96295
451991
918842
997109
683223
797114
646432
812081
507938
867969
416962
324998
702495
550689
175540
459476
771200
608518
944100
735424
815723
62782
245684
392125
30209
496464
44918
13990
852359
348560
664380
127726
675442
551008
383694
899411
312740
441340
632768
403657
560748
542110
952434
102196
353835
551728
575256
966416
592837
433315
96826
110232
132601
646303
785937
813482
703858
125091
181094
291874
332769
920458
367770
970307
81733
503308
169892
122247
775980
669364
746008
253655
597218
971690
821537
82601
113937
286559
763691
840844
619837
126605
782823
822766
330291
660626
617502
322887
392346
422613
944712
264872
913224
737544
350486
674484
165721
344531
267148
993539
388146
135081
397993
476974
564616
268693
435661
454482
638076
467070
712616
799370
627670
599705
39661
43596
803546
258253
916900
300084
1017
250613
935192
604240
854123
873515
755966
885139
421976
165822
606535
503857
259042
455361
298186
387778
527433
66645
628365
159318
633496
773374
809797
606982
392255
407826
67790
975381
280632
688496
245866
231666
407743
708905
116791
736688
75012
932392
225525
697679
530205
550723
756544
829044
34931
225611
888634
712870
646739
664234
473949
408787
52569
224750
532103
908829
269493
462844
357494
334572
856305
169974
978976
207109
888017
938355
775413
866589
874899
942691
903604
489589
686524
427358
707124
514014
971313
903159
870367
800563
159008
715148
46622
529151
671304
17354
751778
571151
73928
541448
815526
603956
815461
329411
353037
188631
901154
591010
30385
270187
228701
584658
105451
686210
637774
359043
168873
156855
364367
358561
980909
556312
380576
949030
17787
523478
365655
698140
336878
961975
968789
211299
648497
846350
718677
591170
209188
345454
346399
609955
708498
302132
35831
451024
602662
555452
30607
499282
274011
755610
790630
457792
567422
153872
68298
874485
547769
393978
729345
63348
819193
237406
82289
459911
850281
12863
266059
620036
885178
358359
538235
949367
474168
305592
343857
141866
442110
351085
873055
196967
633186
325487
65651
623349
174748
506592
296570
236510
863877
961559
548462
3929
964859
854951
104444
764629
110684
149939
753909
125103
245969
913861
798409
377319
428648
985810
188957
972285
436748
579021
317719
132368
202959
162557
394330
514988
893917
144593
296032
894423
508418
356500
345198
161663
992170
674664
352862
159961
268656
530978
383016
89361
18038
878953
224193
9293
480566
445616
132159
711237
851750
3254
659042
803734
975065
519633
299153
122687
428315
742125
419673
915968
665166
10012
866685
942648
204593
313204
522068
994490
99227
151409
612077
924887
118578
321283
44770
402253
137166
986031
388527
123059
68801
382426
997270
372100
796092
301491
680790
926058
7998
329917
409629
260189
696164
741331
101364
770159
590258
467938
228392
709056
222391
36023
650968
672167
637321
409802
990519
767046
551473
467427
389598
765915
95674
345362
917718
378144
897777
604461
76292
921060
409651
999219
978651
133685
815755
686820
312345
992165
749712
984930
471335
362469
785473
614573
784871
82516
61693
452469
642550
658596
792095
787059
276494
778202
322870
378434
791222
571745
943619
646763
491912
219967
953702
91250
101536
725636
789243
976794
466952
322460
977865
401068
580381
5400
377790
816592
961050
767787
445006
153881
581288
854027
161541
533176
761883
714330
83135
431344
592289
646476
987368
191260
727295
150865
995931
95832
156598
822971
217802
224436
835646
5977
186883
629479
756972
868106
948652
231081
206135
57626
96180
451640
456774
721988
561029
134049
38779
761132
942435
438315
770111
69513
449662
706464
837491
151555
256880
730100
193239
778289
342066
949014
509799
793368
186736
7687
324840
389015
414179
335764
278040
378233
99645
760035
154751
81976
874658
234023
152488
373302
281905
978129
493661
372115
798550
754767
732683
773651
9806
184183
298904
962426
823568
21423
961427
521154
244328
491403
877330
858834
311299
420256
464261
433711
78795
347428
833737
518707
154468
462617
976245
151206
704505
288484
207669
474525
116913
481275
395803
883461
911493
633739
497795
653364
291857
980356
499424
787012
171815
294203
674848
952448
564622
755655
77170
371463
488988
77303
428961
365480
440120
202544
464888
7821
170972
93459
929264
874823
436731
21691
892471
561102
196784
999358
178647
31701
383581
466813
160927
138185
891076
587716
739094
846834
835731
515948
211928
791481
815161
269362
118391
354167
733306
300208
169711
684471
153907
347449
775996
263788
178566
993261
478140
556259
687439
415507
198117
557295
896105
528320
22676
88471
415997
509240
534310
226259
193816
635415
304597
912277
839652
176657
561273
779054
208029
250064
50323
147071
646067
757700
700971
132768
567000
458042
355447
4260
361062
438071
449150
222450
751225
751925
927506
132132
784788
740140
416057
171945
241806
869296
166500
526745
180601
708631
941312
378972
486194
88765
57069
461528
462918
336777
774662
530339
30036
372867
316284
592837
552202
295494
3811
406887
749029
449248
584642
52345
11982
879912
198231
740800
594847
821585
394540
446633
38429
938
32355
805210
812250
767131
78703
614513
247231
531258
303647
242182
92247
997080
684634
950689
842024
936170
739318
720683
157656
386338
44701
276309
352349
223006
988200
989775
880174
431776
438441
478927
852977
966565
55958
450742
773686
494901
743626
23100
658827
780120
92962
977640
324607
726355
804603
270746
642906
272060
980571
390016
840097
701060
963061
630752
368188
176224
845574
767603
312783
61853
40942
443306
583471
810914
74636
92037
548364
494873
9078
90228
258313
21055
315503
451901
337311
767824
1425
834406
312902
594174
829630
541131
80453
244377
619589
611573
674008
998286
280929
308932
591185
13303
958969
281927
486284
813031
961957
852376
734475
615583
513655
114409
807445
742588
723457
722798
485220
107460
692332
314677
227723
466966
64173
109737
365268
510977
823408
167134
699994
416096
152410
115553
962809
57308
956919
938757
784130
883347
711267
802746
982135
984757
670553
844429
627606
617796
879026
643540
367157
698379
278572
227378
728701
105492
638613
791306
20729
645192
532737
585271
539569
544233
598695
240264
741822
658087
188682
712259
813505
215951
20537
704364
917226
944189
680771
516623
318134
404508
368702
851325
84033
751670
328474
128966
413879
745198
87968
706867
741276
470735
931346
485351
934676
237250
797389
612582
75785
435988
683948
354849
863232
352239
489774
598559
201479
352347
681582
205062
722702
905704
908523
224998
698551
842531
82728
397986
84211
317408
986945
247103
530777
662290
151726
627271
911651
92158
450181
749259
953647
587887
361660
324045
849452
924472
23206
304756
201379
954024
708618
170154
376998
310924
91486
634660
618020
900280
52389
157756
921095
218829
806159
262013
149334
654581
900664
516864
280947
336233
456374
100652
440912
835120
311216
373123
374126
507550
728430
199637
509993
869539
910038
532109
567176
618537
647212
34448
883068
216465
407140
685558
131396
718174
616911
258281
25886
12288
497021
645885
548275
703729
559374
808125
955228
526440
264222
613323
898981
379668
292955
774022
982493
613654
176666
283099
43789
516637
663057
325661
69082
918162
838503
360700
438291
147272
803745
819747
598152
563796
894808
891269
55023
452846
444430
604256
531127
517726
280397
447367
164474
858006
814818
910360
732050
616217
965782
804472
403850
690589
134571
527283
489595
980759
906294
204271
740300
94021
691626
571084
608385
348164
57327
968392
549432
681869
230920
12960
576724
905186
698210
486207
102187
855815
765886
793088
275535
81681
913670
928613
377863
683100
294568
884953
10254
236881
714481
979179
911848
805718
562050
631718
231976
349942
881055
610364
49443
741877
610771
656067
537708
342971
908841
173344
356717
196670
409712
196545
843358
711586
874753
194516
610079
767146
420469
558030
922550
566974
531606
457334
693603
327834
202795
597561
339914
458441
969509
54469
733578
632489
939987
987760
226111
48801
980123
252315
633017
315601
960441
454710
406438
160489
161426
410464
440056
551737
866835
799040
424062
476934
693643
958864
318557
474348
381681
975515
541157
938307
102570
507901
685810
305257
903299
90951
620826
110725
629104
235657
711822
827483
154632
66077
451953
412351
884939
998066
895342
326050
70410
258965
766614
469895
388629
218342
104572
443677
336507
922103
927002
382902
196504
955212
325562
43743
183129
760431
521221
135816
799248
550919
76065
332745
70951
550712
905439
528143
591004
229375
986870
289888
31593
540675
278465
718336
580107
242542
571527
351446
146885
530340
833457
117467
19850
626940
869351
628168
884810
382576
574120
697017
184245
51118
987929
439032
848170
681169
275193
404573
5208
215475
577718
855727
29495
394267
917149
35123
854441
442657
794184
969593
228277
253720
569055
832209
665484
96526
634191
265899
499123
244489
612607
28510
647029
523516
336655
683436
803364
33870
687152
717442
539797
781784
332447
295082
513418
858787
744830
267105
785778
382891
333487
331455
712184
673543
839285
574301
64470
960427
354967
985908
404279
481055
70163
967999
153701
329776
841380
102048
851878
975037
282710
19729
694533
299018
937518
256407
130864
741011
692624
724529
337844
377511
856050
174328
36507
364914
396037
528205
425307
619
355947
666186
353901
29113
526042
854039
777725
805891
113024
406271
684279
925567
440805
926077
593066
402462
899014
412916
347295
70987
501227
514801
49529
805019
444183
627945
579057
281929
41026
961094
41945
473789
651548
750443
268326
488073
238466
794236
85373
505436
776494
840149
259560
847275
885717
591716
218069
505991
580890
230002
878671
720299
155443
440710
637485
30808
567223
904891
953099
263205
594894
846698
291695
338090
742640
353354
882300
334770
481873
552384
489680
756122
43299
543825
886518
613004
122092
147009
216587
287967
257248
489739
3281
436496
315219
827744
492893
797543
566120
347732
319052
745071
343226
366203
92811
332469
158725
84609
452530
776198
167591
533144
270197
174380
966608
93952
402353
931409
391850
464418
597087
412590
988400
470288
856206
288303
919658
454541
815838
800636
987789
691360
754927
78981
672300
651452
917802
609824
683802
220088
371118
18372
872808
761011
184902
8166
49685
521446
523286
406263
192360
118925
803809
78511
38433
300577
821400
983080
459257
881177
932502
378828
364883
563328
632422
469477
712353
769903
314662
190856
439985
143162
288739
681067
199492
939818
14600
996363
983015
167300
496350
241219
599521
448539
278529
708366
268164
24982
549462
953437
192579
895389
485269
796642
993297
750310
583992
759121
576516
943800
225998
708128
845822
645463
885682
768728
833386
67138
240488
968270
461765
998631
537814
502928
666203
312230
81604
209694
270800
9661
969363
443586
985790
437964
799733
340781
27099
252787
733258
417216
139682
54634
972496
107546
448777
423298
951631
21326
229898
579473
404281
177148
435393
915740
353096
44380
187646
799837
905863
760082
288415
672915
720947
235749
148106
543130
40242
149087
115463
601262
6168
952841
337233
7981
662217
812202
95359
992223
421215
283367
887089
162695
376933
343441
95804
617390
519121
591209
828775
144144
785454
649116
798198
371441
582395
436020
684089
865630
500351
816009
362156
81538
635288
666891
42035
323514
852764
692687
565789
600877
356546
929897
1929
727876
272180
680261
266372
825783
214717
271532
815950
856981
510676
660408
218179
487618
903675
109702
191433
535635
367383
617773
82354
38644
541181
580888
991906
4952
558901
384734
738350
915658
607827
50460
577277
440167
444346
588575
76938
657444
40627
731535
266484
856060
815518
462175
596799
479571
578828
13575
921097
533422
548618
563623
590813
446542
137004
747031
250837
732242
995575
723543
344083
525237
700210
487567
530155
195116
367957
272311
377042
940734
29659
680903
639290
998087
458786
394389
820337
271565
2989
448859
483084
673791
981797
814558
504869
257464
937222
17329
628424
273372
430654
6016
763446
118932
834053
119071
71153
911951
470495
182508
907984
880530
943244
84684
539294
333668
979784
8815
353393
613862
823602
256770
265530
229146
826982
566995
181153
255207
517805
534876
963493
381162
1375
542793
512048
593299
45348
970607
959153
141908
73649
463864
958664
351174
104692
825863
98919
174526
226624
828807
494120
807030
160722
462952
513475
647703
595215
597680
893004
10251
51873
919855
695248
173454
547039
871722
565624
295786
778833
945795
862535
498037
376062
355986
904941
348472
713893
34180
774870
998977
716595
973248
897539
993445
127064
116825
748655
447568
711734
819872
944113
177283
5111
320209
977897
749446
950007
760778
277166
242821
802349
965694
790329
961682
114180
412211
307243
689838
106685
416633
574325
431293
879707
873931
303951
55349
31055
878108
87720
537600
224833
242971
118642
944952
754748
891695
185928
307159
596113
207142
108670
802530
235846
198098
662111
130557
901332
449623
878365
985588
147172
829771
877342
972698
899986
24759
919477
869604
778053
336059
398490
705987
999775
25144
104191
703976
56847
926862
499474
377184
703296
988008
473054
316391
410817
711911
911699
380053
233505
92578
911329
153828
848003
518663
940411
136508
542979
905218
776900
971953
64081
6786
804695
391381
480906
129126
769888
922488
275039
578389
787677
670631
230203
509082
510808
592715
764799
533312
435801
71467
839171
336678
580099
119080
67658
975870
690886
874546
61589
352690
888005
856044
821017
842675
9062
824226
76541
693256
906760
903112
603444
511176
125792
759989
604853
45993
153154
433130
254198
168469
475509
283403
849425
983282
911212
709680
471392
52927
768543
49996
389051
947846
509694
288913
460623
694886
197423
724721
678105
14289
607978
320003
296713
461708
623104
36442
633260
475101
726149
278388
79667
349289
157688
22158
427391
718192
167284
51923
425459
651122
663959
269738
125727
866323
704703
457202
757265
257655
969620
451456
290675
836283
446927
628523
564680
906958
134435
631100
756184
201950
119765
63789
617954
140393
369996
834545
91610
847853
422029
712979
95066
489887
890254
185975
820992
154961
98833
817407
50878
916042
966252
259883
65716
894428
880835
531250
69038
697273
807503
908261
417457
766195
274073
16144
637302
39969
225417
245461
769270
339362
933632
920585
939284
829489
126107
952572
525828
888185
916548
423250
270268
609152
838250
642199
48738
932436
719082
623196
548698
754659
162108
563780
420658
724306
358418
258242
622025
166147
704060
260355
536292
614551
994607
94390
13997
902832
682053
276733
222879
601270
805102
906413
145054
863368
628979
411443
505843
817303
347556
255366
466467
744673
94889
565254
509608
527282
268967
36758
383568
22826
643260
531778
464402
391586
764266
103003
704997
897349
316577
468393
221024
40224
599375
969654
115849
797617
889589
283003
616261
58250
772768
365660
284473
951889
666317
528988
31119
806813
888445
402622
232457
554326
313932
895031
601533
395606
73436
739822
46212
236225
263114
25811
630187
579568
530558
755215
947152
328717
633978
873592
533191
609502
734069
735880
942535
746874
390727
278038
558960
419339
175394
629707
421204
361638
186328
508075
499773
438725
756181
234693
318991
779293
561164
714418
228831
91768
402714
652992
241565
834270
775039
635713
948720
485021
103424
405434
611895
857666
411914
830348
23601
556176
680061
948797
928831
701515
689752
403135
419021
198011
187484
920179
944820
908568
613884
745498
446385
698086
824900
798256
40906
20372
337416
337514
350347
817150
413104
632690
323106
303419
391322
343849
129527
726274
878576
124752
213989
676119
965962
467535
196062
190441
749047
395292
460009
442651
715720
304719
623405
407373
561896
766556
285859
417642
76993
522739
784717
757071
134221
680426
928184
290654
491
431852
58744
373906
514860
329409
432045
717617
676186
558232
148935
386594
849292
882111
711488
56253
459118
450256
543633
557837
615485
669592
53777
290030
856893
916515
725648
342994
84857
961476
805803
925942
989306
116266
419739
351286
47589
218369
341547
83957
390548
723203
575590
112483
802588
279247
468327
497910
371186
353742
665415
616215
473598
576431
893968
835172
123838
822862
633960
867695
944623
72281
914030
334544
306584
611481
771325
912136
694177
420124
542278
566892
285970
497882
333146
164894
31304
580538
498754
492373
713259
288043
232769
491785
706805
183665
383056
3970
542337
22499
499949
355179
240745
263532
616224
290982
697048
171579
180115
786439
667968
289760
671178
506872
25235
525423
526990
680725
789903
618746
828926
632971
347391
301107
531634
235053
448834
565415
601591
766014
165936
480237
918378
347571
140179
195911
935938
873735
146146
974124
142265
581071
567125
814947
781384
550151
133221
410441
574142
115867
272882
986010
98013
592583
265475
694742
965368
380881
768429
780405
468722
279409
31062
329232
761684
682922
948488
602704
75371
687874
21760
793361
679298
497319
159855
185940
609818
41641
727388
104303
418953
276390
890730
749116
493845
33517
52755
137804
458367
706983
228717
679773
73276
792328
185009
338976
748718
791466
172711
628119
709584
96443
798680
891562
669769
69997
854884
770834
687895
469708
256846
787112
572461
55438
681117
195781
43023
46775
285820
730414
985199
404853
794485
362666
209378
212666
730737
799868
63303
897457
71548
184782
139207
867129
591298
779193
621200
536144
449403
128927
483034
998
719731
183272
509882
522315
148301
282761
590987
572453
491580
322792
553468
349012
248198
265870
58872
129729
225364
135870
472299
620004
473535
588121
210034
669355
240527
553323
599417
926611
485517
358471
992857
833922
109914
394077
578605
17580
213925
810484
224107
81617
581905
450775
76140
432683
379080
472951
625429
708405
629125
155375
55856
16719
385540
678542
364513
425565
838816
74188
396558
506480
868307
195913
507068
834280
567878
415630
598484
693940
772067
297981
153845
466417
889188
160019
475096
175643
565833
1685
554688
655416
540386
524214
737445
237349
525379
220365
305234
534775
148949
324658
977825
714726
490855
167561
882427
960211
471632
371234
745331
611823
999948
935792
34925
420523
714035
98595
654381
413861
803584
377704
112602
612460
868107
109931
953195
83379
658248
476731
261049
995997
955792
704622
377155
966232
425101
100850
543930
644271
692854
762377
85633
505244
985873
662768
865771
43448
827610
470511
308844
516369
608030
728903
51965
521174
283550
230149
780548
596391
406523
760296
275184
307885
896276
614278
626259
813016
957214
491601
889703
672108
118302
399866
629725
2471
346638
299875
302833
329180
374822
747839
261308
404050
762292
937620
252894
930396
424462
919045
579432
119920
679526
747298
97238
107263
898952
814274
219055
706423
674753
339825
647557
199977
403663
609965
142929
856565
273452
43129
315162
770586
557874
274523
352907
175054
590570
248830
510542
786668
871626
577299
98142
468205
336073
332902
53522
194657
52865
355920
338436
512809
309828
225050
504055
30650
684701
207021
791442
878286
705414
330114
635580
527276
957338
252736
74170
988740
117754
118520
258436
475466
333651
346118
61757
351082
74896
76250
798949
957628
761383
669187
533281
806410
140002
887280
736269
63131
241473
857394
563252
898024
67430
700983
754874
996748
239292
15568
195469
909239
623821
794684
740072
159877
907728
267727
160932
282039
57050
78534
240773
928239
394941
404971
482908
444769
643676
39793
356981
135065
681122
548575
23427
572419
993766
612202
792098
226698
210171
848647
460040
616912
100142
439506
962373
700818
50658
934524
557479
946426
776428
537114
306901
364498
619393
922533
416894
383512
50207
942758
408801
855109
41896
276780
320762
169437
543588
276384
967530
972333
89002
441186
370998
539547
966513
531293
303268
552013
648000
657238
703811
152973
578320
299529
539380
547827
888657
825372
461679
678138
765326
107193
328211
686701
798645
471171
857428
541365
614868
790719
209154
152272
38036
826869
711912
291256
803339
520942
657764
468522
150332
861143
476428
240283
817051
746694
167357
881192
272008
303221
109924
432161
825944
511071
520897
550824
407400
304245
723693
644321
932869
379292
594559
518438
437748
958645
365786
110117
752104
256676
446630
157464
597459
448277
394341
986975
396384
298159
696245
720883
250896
86348
34936
856043
909631
788163
647959
666558
113296
546695
728129
128039
931847
350922
518445
406942
590795
587480
59376
204746
4562
152360
95187
148572
16865
453114
488386
538762
534050
886366
940835
486748
526240
346287
680196
748432
134961
410978
739961
727763
828830
934576
431376
538397
841033
425412
804855
575252
846289
358548
839451
79308
118717
542449
884962
223959
849851
449390
921122
304365
584269
267366
103422
765534
474266
558280
185773
114679
967536
637950
44378
213171
231621
424405
440398
58166
281535
292899
959428
841924
186452
610262
828903
555213
485294
580186
468445
200612
639766
38743
782301
166269
608913
586864
551372
221175
556556
655827
713897
504512
249756
264890
40653
751492
992217
224839
92511
286609
146033
931744
463704
631999
355277
437358
567302
4323
682331
230743
563687
174427
474647
742004
616313
116111
389864
999665
906848
759185
967581
813153
656118
390207
151518
255934
78955
516973
697527
550882
25402
917821
891309
788307
560689
660652
105553
151686
857836
205949
951283
946428
951113
742621
377966
590514
778237
275250
693994
925105
327672
574631
289792
268162
587275
617024
512834
763704
411861
392588
376410
530923
159395
502343
850182
311891
610947
181050
319094
361868
202987
571357
904537
737153
566193
368728
662828
891126
43983
923897
293841
622128
3197
991481
941182
294126
703497
802055
179556
237894
419577
776732
479873
747702
965736
109519
335952
233177
866533
331031
903973
830928
336868
787489
504313
248502
528293
1183
863141
393652
400232
196663
99595
337106
662829
336775
657330
191856
632732
28159
734413
305926
304708
177161
206583
63608
929612
480974
539266
417614
221910
974520
936115
228525
353870
321728
990592
430556
663320
23549
395837
397778
558432
313274
726948
626995
510926
349942
337764
963270
932729
855648
896997
475147
419554
513981
351597
930498
373049
625403
142583
34551
822402
635393
911107
871188
994885
681458
537053
842150
930349
960899
45243
365217
945500
477324
522766
493350
867640
502414
150070
99262
20863
184804
946827
372498
132352
14351
651361
3047
112030
186825
426495
80683
262387
265248
222756
924451
341522
57054
954438
678690
812982
125723
199767
563596
416012
684803
763124
547404
290170
525566
89788
88902
925746
830100
3669
98281
767100
365348
99262
611403
453747
404426
894292
793319
912659
46139
506557
851926
444131
954083
385228
5351
322348
325689
173340
57539
660426
868104
123940
253913
966014
1466
946881
435430
666945
769900
316252
523282
440276
721091
324721
451518
564150
747485
656269
498985
480690
294389
928192
214250
555448
983083
661098
589776
954418
420971
235919
477755
92798
503787
894739
462605
425028
57403
70359
44912
9892
488417
359111
493396
684571
137852
724104
994483
849501
684247
378200
739425
549872
14280
136037
337548
762768
550472
87460
31058
824872
970636
794205
428361
328903
144075
681370
517930
764011
905186
891787
52618
26411
627946
845849
182053
83928
78145
873465
645569
501944
489490
356234
223885
541622
270957
280865
856845
507568
233921
520744
395737
386456
584572
242491
362673
527957
694467
811305
574650
319889
2737
35395
778900
309155
598102
611785
200573
261313
891737
485454
836380
452781
806785
833962
435618
585710
3336
468513
538529
340738
437210
560812
532645
991343
30822
382056
123957
344277
947427
74906
966997
124921
789993
658479
157336
602694
543855
411262
737172
224503
442144
146930
259572
688480
365416
324908
87526
662762
809597
89490
117405
367647
526791
137579
139887
667313
180278
944386
13421
503378
885963
844146
834561
954362
425207
723448
506670
545047
764871
300534
433079
515067
758995
515215
914109
619439
936141
885512
926386
121626
864387
365815
58373
868790
782077
866977
963587
790993
542004
427353
772333
703957
580424
31226
167498
571087
747466
84170
652806
397313
528582
123324
499516
122760
77487
641304
793024
365671
435937
709000
432078
67498
705498
148789
189842
545641
888741
663195
742888
167813
756848
947547
531099
383503
30200
528404
490112
848287
47828
447905
747290
159601
717180
92032
765971
150712
429527
917728
111776
592684
368961
256294
566969
904838
197769
265336
413376
472262
640791
394693
209089
510805
749199
420600
666077
188440
205567
86706
198726
632281
92845
52902
688850
537173
995405
649117
754417
51396
309059
680594
143429
131157
316790
62670
907787
644603
431804
226135
819747
538027
293906
547308
247132
57405
776768
833601
664514
680749
740541
629322
350037
161585
462931
545226
373252
357876
111179
788699
157935
161113
49623
517600
2536
316200
993697
121632
701384
567170
306019
373195
88955
825208
822868
732076
675598
439974
149713
254137
892641
834153
249821
411928
878735
726946
75763
119420
319012
723523
434925
969145
830667
659718
359911
437022
463126
119477
806324
295431
387226
194613
483303
970515
724621
247590
24989
13559
370635
300476
126884
301636
19529
904222
596219
114732
557497
94160
702730
568537
636100
985151
196982
847130
624615
75770
39775
640623
991398
507737
56288
551508
224196
485449
286772
597467
541445
669806
979407
887481
422024
788341
709161
311985
592731
112344
68718
887964
739011
637833
181858
222463
284378
282001
622978
587592
461982
822130
48267
999140
800002
6491
539113
133725
181111
102334
116204
717940
964541
237382
425900
945719
496080
791773
799495
108104
145054
263557
385610
146557
711793
538644
835746
280765
637274
8244
397456
352993
998273
958991
455138
477677
67716
60930
375835
491168
139317
560258
804177
354407
442171
528565
199074
363574
263099
904328
388656
469855
199895
194328
409131
633309
3589
147717
216049
198119
940858
487180
513910
123836
333325
463842
802381
59742
715319
498956
583464
574307
333321
56655
791550
624006
148033
131524
839990
571560
640750
705146
726712
289359
362152
736758
193840
689161
613674
433584
288701
828239
442504
459378
733583
683066
860178
828537
831275
899190
836933
408484
716496
268678
868095
816051
548130
468579
501495
620400
339308
956592
950025
236590
401613
775779
170257
524151
907097
153856
366916
190049
344541
644108
559845
790576
36754
220058
426085
747982
881569
361534
36141
966426
91188
873296
443147
13433
238168
509503
243540
664994
576074
909638
192359
280901
848577
762135
692841
933680
987588
962743
888410
527703
87130
148438
24177
141072
162674
436869
947069
13701
35738
831033
575924
147647
794169
831356
749505
623077
639007
594570
310306
743952
380771
689848
417706
934966
928849
801873
110011
376133
503756
836503
378621
678105
609870
684738
488405
39442
202805
759856
61655
334855
951160
411712
74011
691894
723174
332520
417235
540457
834950
923628
173797
462305
183795
993346
104265
360487
380284
390373
463702
442164
456346
129473
604174
420941
9196
202960
40508
20023
41023
839657
43129
761807
948788
474102
942890
201166
74465
328833
765303
185531
245901
752565
22279
902030
112749
424044
183650
342887
134986
4457
275398
823734
692231
756641
410453
687668
783256
544663
121238
8718
391193
726709
464006
866432
977422
353057
111632
880703
725715
290841
162944
202296
360609
881815
104809
351980
838347
765671
995835
301579
540502
115803
504594
516617
584140
795209
103323
193474
290757
236507
367889
377393
345506
165647
51988
177814
556204
761561
758029
595158
788734
235702
484987
486438
852482
137352
275456
673627
895204
150658
843361
438721
735989
333694
31195
330587
948744
13041
968892
852295
123052
789655
167261
982956
953504
222613
438979
810496
644626
182405
716546
840413
146180
353879
281924
599337
944503
961557
389079
691298
552195
14943
885932
932062
636661
688937
678040
333776
521450
255222
295205
120735
753863
968541
804334
503292
346227
857071
818509
245125
889630
427841
169481
181594
773095
704950
818693
218354
860554
294100
694618
657803
292467
776143
85192
586029
426163
108432
547859
343628
569130
303631
835849
278687
284008
621330
848215
326222
336433
322787
480224
164187
639572
939072
169898
844290
135614
799050
631493
795910
90446
993281
120413
375370
818966
783019
990740
520208
941112
926640
378937
503724
321675
240725
969924
589905
310313
158436
229685
542811
216448
545833
916877
599559
15904
9482
906821
874876
893594
132512
211858
117662
468717
614515
550881
376885
105769
730242
559087
30549
982235
494879
801818
835507
72795
373885
379481
250247
61664
448607
865321
1541
53936
432070
47593
714687
305315
206727
114939
407524
138479
431815
302117
199038
433341
515465
382914
160435
357802
690255
1459
215561
799481
337160
793526
706926
996729
904476
108731
580376
756043
105378
620556
715528
726153
105118
624697
150610
344556
288457
933974
289031
375047
482161
756551
528962
467843
602114
34673
181736
953820
191959
504263
585557
671692
90769
112878
146572
478180
697721
425112
73954
531972
476628
83527
912103
887670
598134
153197
639952
930818
549110
337030
653039
333094
198448
169898
310887
283831
293074
845301
865515
50008
8807
665600
28079
142197
375596
684358
500736
63601
62469
178805
548289
325537
207543
174546
413419
209371
307668
163381
422995
950792
323722
474683
849034
217871
64459
612956
984334
23186
174284
366463
298281
950901
815327
663888
399576
826264
237752
280807
519047
25681
286121
371643
566204
7804
573132
821202
435054
524629
803644
186563
682029
534112
772855
414166
865549
156705
426910
811271
70309
256392
250928
886646
618086
813829
8205
670914
326836
271068
149270
65982
757333
168282
421406
960061
351301
506604
558336
101272
537940
803969
926972
185037
43263
803195
257773
855643
80881
749259
556040
277176
289129
19224
87518
888383
832411
893181
388490
207459
92269
806898
855826
106547
48596
388521
903908
342159
450493
183871
602021
736692
284126
872214
789254
805465
312495
828141
707903
731807
222197
132385
491314
472432
355
219237
914088
771492
669065
633248
835156
754572
492
261135
500079
548971
782010
736646
720229
721418
128423
979333
841418
544426
91032
656373
803080
997216
6022
955037
344553
139526
888556
980647
136234
435333
268651
939501
603363
456877
573675
825748
391272
46836
104035
690021
942390
377340
283876
182337
263335
517972
75825
943123
725355
636484
145790
318840
519673
330984
366238
434959
742435
13715
555411
238917
776761
240142
7821
419888
627733
506487
132350
336501
43068
324542
573884
839206
182987
527214
258846
266982
40571
618179
567344
79715
830724
587386
131592
130689
511285
407483
51257
191858
370152
49240
839325
102850
271705
66098
27223
978226
816906
299723
138765
832600
107528
425606
130159
440685
427024
417108
313853
543683
160510
57064
398019
357116
748908
474754
507838
740491
280735
343924
83563
482979
176929
613426
663106
961700
21878
561390
791828
818304
617612
578412
957249
904095
688942
956054
828724
844191
579449
627567
908066
602410
257789
303542
921184
577301
784780
530215
34339
96313
412018
68820
935202
343400
493406
30630
218795
822174
336053
809728
11648
349796
234463
410515
853934
971926
964019
953159
422431
27743
783975
99869
691804
486163
590121
912230
224585
527381
831838
326421
866296
697231
138794
156992
928622
977036
638494
559248
363341
933385
625042
139712
692581
45361
893990
387927
44892
311338
929049
105983
308378
386000
765654
607693
430986
441211
812088
295350
615822
648563
898536
214663
63748
346457
968335
955889
230524
975440
59468
845631
450774
924535
50953
276464
135454
723870
403912
612347
823687
355541
282356
217536
363276
865099
156002
956391
659763
441211
209060
356949
100128
940708
419727
746833
608071
554552
216934
136064
466756
9838
981289
946547
109372
52378
737129
870779
97807
977017
953158
71447
557237
528675
781399
674075
188629
517425
426999
69171
293450
860580
693878
746902
642729
136010
580889
509262
660403
507423
693940
736880
836129
636207
996828
376533
497184
362144
335668
732015
584122
154991
321965
68040
411617
789650
100933
244901
605784
940110
705295
251211
46977
571541
351948
59012
918982
793132
714404
212338
634335
319926
834196
471181
714564
703712
160391
992858
341054
556261
818425
787186
650517
433663
151190
123150
836466
28995
987238
459994
829345
635193
983822
28031
161954
654601
440840
44531
696893
898954
231976
318057
16846
225784
787325
669096
669552
662078
954320
418765
442391
857342
195425
47665
401412
369297
909757
637939
396699
925764
968088
353829
421108
536828
33278
50867
866294
854844
185639
989216
682631
338235
561275
84217
839568
660053
22473
817230
820671
288099
347826
663045
441686
743465
222114
43553
616982
844258
992378
607877
681355
653406
197282
493482
410137
74637
998696
419258
634600
825633
690424
538974
547636
240452
347571
643942
136730
757151
91944
308828
901631
956647
412550
228712
595742
193760
318512
907656
45111
252988
25183
630525
951572
516859
935512
489560
958830
45106
339892
362274
16224
183290
715846
306425
603709
911209
522142
980916
136137
410837
513528
318289
202726
953921
651257
17328
47064
662790
163623
595391
545621
606536
342113
777426
907625
307039
502999
93056
536696
911422
679223
237041
916994
714161
618385
708460
835321
488587
213996
578038
504490
376401
289139
812752
946890
807070
523633
681639
93454
262782
981735
102372
796985
309456
241924
607483
774411
453028
487109
387806
499071
860952
153078
604957
628548
972512
852681
12297
854063
738686
516399
884194
440194
751593
358868
533913
716572
480587
59739
324127
809153
883402
559947
962176
20887
67491
295368
689069
627771
287003
19088
427206
173703
927006
24489
3294
100292
602216
284248
212161
943901
881301
11105
928427
384828
853577
112436
303957
527725
66263
918476
546233
314141
448858
93965
14877
23719
869770
955340
344926
682169
506876
483575
541860
322093
57631
756902
305312
2040
973583
565745
881567
757261
376283
864585
15994
877176
384120
661054
971378
25384
463324
382950
649106
491662
382013
952731
83767
659177
324722
661165
167442
932004
854762
606217
797282
63690
718562
421666
857913
99736
37356
809124
659025
500327
249536
2013
132847
965475
206578
253387
205002
345332
486757
715878
668404
73372
163776
775114
818820
708930
45160
446207
756627
921538
840975
568604
546161
157376
288056
558710
433340
350431
683017
581160
571065
700791
580780
862175
161104
194249
604420
308790
180998
449796
498901
772606
688122
185018
191232
621783
468755
330838
848185
241769
747673
140217
3212
32620
881921
159419
421826
614468
720447
402287
229944
476132
169735
492565
14636
393292
80526
367579
91224
435381
694533
328571
330749
679099
546641
726194
415224
352765
647941
451600
644192
77488
793444
755218
988667
798202
186077
905454
195833
661919
618620
857356
91582
21149
766951
22236
386971
951572
315844
375730
993782
507416
577778
65515
837281
221006
757546
419899
712957
480045
921229
643089
461816
716900
655778
886307
213705
229527
82938
793743
371455
727958
389541
771587
38451
497091
195496
43592
191048
689813
25842
659021
989788
110325
326044
315990
917580
650397
418847
213610
618810
155695
314926
128443
799874
49767
800068
957637
136908
840462
460868
441914
279860
736362
311035
508489
364347
817970
526196
840850
539083
31110
61043
505661
845808
501901
937360
80449
168874
823084
237444
986065
821440
473152
243432
470156
87861
626495
772237
628977
634680
168778
874467
50358
598474
180711
180655
760852
235123
866058
978682
642178
11023
954000
299851
697333
351687
84354
247863
116061
830889
904856
54290
777369
694238
833406
63729
948336
819367
17916
701200
524017
80128
393814
764302
268772
176662
21913
920320
675507
390887
445492
853607
304056
536469
8897
652515
511658
48355
422910
984906
32051
367243
767137
723055
481518
152335
14640
258142
895230
709599
965342
130151
897818
972865
822769
770252
438105
273655
65875
772038
786452
388708
880318
102444
52867
471346
626463
400484
6771
519298
144404
991409
60722
97100
504400
701771
41035
428423
384210
153002
643103
904945
885829
565508
480171
977780
603287
413088
223894
334679
381164
38867
482445
321027
764838
586057
724672
41164
46928
759314
442342
487454
951886
1157
768598
674711
53179
983592
961226
337347
371651
50002
661636
948431
258859
396110
782794
889369
434882
354401
711061
145235
985074
430483
586763
834238
526989
851619
871621
805115
25691
830157
33360
594030
161738
308101
641808
234226
133017
890779
576510
611526
302246
588405
868620
762898
382263
722881
668696
843064
133386
493800
514421
331704
784276
803076
753808
930160
809463
726615
903371
578443
446619
472554
361427
456959
527243
145208
634083
949725
572475
334943
184512
979517
51889
649962
122717
137315
261685
85391
347277
805821
296900
957705
921713
200377
251681
473269
650287
430059
742112
91823
329569
108519
411398
516922
464893
214905
357004
318028
576298
199518
333544
473517
196383
488915
467756
121596
232657
784147
686182
402186
823769
120926
294374
717543
520059
369616
331019
36159
885328
284461
448671
837454
491862
628903
868307
907311
874247
486501
297203
473892
823785
331676
919525
262921
337353
172905
377301
217236
534470
398400
827480
214915
456794
298625
88935
175214
232663
941890
391005
569684
808614
728320
83220
736477
358863
943317
721298
763513
854399
804343
614830
865791
90777
833429
162417
792568
23896
238120
723180
352087
829303
905600
457118
32267
417647
154468
574471
238245
345565
149595
303185
121505
211398
292853
22427
875756
276970
727348
443612
273469
577414
904392
662315
697475
99083
31676
982107
566155
779052
622453
758285
310324
853539
709884
641075
540985
979638
791215
432584
750010
585055
109381
633266
974353
39483
459445
461753
943878
459830
579393
851266
121655
16168
668844
376332
718502
360650
552754
309576
118965
961870
874453
313606
180557
166052
963443
508576
996193
509974
742497
971410
514551
589381
66658
165790
919549
279005
894671
405234
357671
283772
742437
729052
657661
861779
836529
645507
695294
880062
419418
39346
467742
712385
202150
614772
94743
650451
121217
363012
416956
790939
362077
678576
324364
568701
597374
898746
456919
808361
948481
868479
45052
16738
316230
783388
865462
410917
311352
233265
28014
774626
635464
255681
471816
85137
404909
841283
90924
258049
155890
211467
698750
488529
705582
341115
362554
726580
871713
732298
559654
902903
734228
418598
367764
172452
26246
637049
130818
962470
712161
793022
171347
197853
77115
386909
134856
49600
495141
316382
285177
35686
512443
751331
602446
210215
532594
953365
162529
725804
473138
230404
9801
719950
834151
360949
793350
566572
295138
484061
401686
231507
17361
340542
699641
955290
705542
182090
203905
803779
800443
645539
258966
770446
685384
227431
445284
266875
901389
884137
297814
811149
834100
255644
638509
352508
928445
126777
980197
820854
788604
659231
711052
481558
130485
931060
202821
458914
825560
408891
494442
533496
652659
359930
769596
34657
243268
236159
671629
409903
546971
455030
826931
784585
29060
169416
862843
788150
90029
946701
690001
425822
825194
588638
406766
173389
966118
247302
804305
684897
413901
106912
372147
562494
298716
805882
895339
627037
494746
257598
258447
433602
725505
344335
406451
953715
159217
222061
683329
373373
973974
8437
137503
203529
215803
471291
871217
80215
535603
193460
438392
776894
279891
486878
320021
330952
644007
678315
827224
20816
657564
117204
279451
874036
915578
115553
632215
404669
878176
976424
609588
503521
560089
942364
160238
825320
663008
642149
354461
2020
449624
37670
896900
235429
473003
858834
830527
309371
876616
991259
205460
778642
220740
113593
208601
615390
477548
730337
224318
257433
623265
624218
832627
254325
467144
557837
925687
373675
29750
26424
109498
488348
585378
608257
792011
634092
554872
411680
682218
956516
641862
726912
768717
782820
189849
581872
573593
936502
768544
18393
45764
986838
588236
863281
387829
434762
342133
543959
231798
346843
333735
932672
4092
939615
496055
690312
359955
353890
313355
390847
331531
979220
937464
243700
137743
831009
66546
759690
784476
967911
523186
195442
962391
380414
205940
494179
953344
29680
943120
824692
813044
588002
653995
695676
966212
197441
60536
183308
35524
355609
150091
2147
194744
976623
731944
328289
633851
72324
137720
820131
996690
378436
844030
251942
962780
979492
797632
607240
38317
358848
814676
592602
326821
408336
688325
708045
919187
922133
672007
134937
213196
211761
303516
872287
847715
721783
310511
318363
263022
196216
632130
562812
390948
561161
460334
775816
519787
684586
747828
540149
60416
491725
992380
279297
72291
561872
792562
863527
214149
793512
271462
286795
750384
232377
53307
677401
387499
450767
614386
917680
909537
225295
138439
985399
527864
307711
400011
62303
331329
638431
792500
647583
517696
944445
405350
937059
198293
711808
439192
983304
480474
598572
868232
822523
407896
525518
475881
803913
668836
909824
508345
476673
543339
730283
551056
620444
222993
354862
962383
932537
630744
387527
874662
733475
501895
952447
883900
195281
189059
835632
553198
861809
276666
151701
459840
195658
626201
678992
578483
541148
208746
942780
523182
820018
113936
620791
463443
783805
306498
602125
245859
475770
901944
30994
855197
855901
58572
941029
194560
939061
799081
523818
599834
946103
316658
911615
522602
729496
179265
898751
376877
231396
902423
936861
157472
650786
211682
976189
572702
956246
36730
466870
898766
425208
585809
681626
187437
927781
59862
419933
333393
908618
377991
883138
859458
881553
905942
194758
354553
11830
374710
258376
321072
972761
98446
554324
666028
632163
628984
993829
648807
5136
428061
613851
855964
540487
308409
404526
787641
299479
253895
506369
886822
101087
120205
798066
674506
162962
10301
691855
828410
619722
282947
177197
120808
496556
478364
237327
849976
19049
999538
187249
363811
996613
579869
887380
707926
5852
739848
843241
122369
684700
753961
139137
62336
110372
46871
858455
578579
970715
612988
408625
648981
631766
38989
135166
502468
766325
100977
81249
211645
769315
843399
884968
550675
772171
377475
277683
768922
117465
76075
250029
281844
586901
684043
991039
942488
194288
266807
691720
44833
451077
405887
911678
569529
280247
440852
46173
493325
568932
189780
809964
244010
871265
497716
791331
161568
368892
53299
437450
695955
959732
294759
820665
784394
751700
419579
392702
713401
350468
47697
279233
946509
802141
31593
439175
277388
691837
969709
613603
860438
303057
310248
508353
922405
68404
723461
255538
581216
824213
427991
366652
810412
560715
189151
856246
485346
399120
909998
137328
406879
850277
490060
783860
105544
174631
796905
176468
255004
211106
726008
161287
164227
969642
196223
81819
307289
205714
143325
492156
181586
371224
446678
859006
993821
991072
673130
660425
242578
426076
398993
923132
425085
529535
180486
644040
990780
708872
606340
391382
366435
770423
665378
738626
551269
881748
224270
782923
465173
881889
462088
509900
330111
766796
161573
752256
903035
433172
727074
732046
912776
909869
967560
791583
941880
120930
467994
664964
862519
587892
73537
854339
808657
904490
430702
706119
281548
964057
194824
78347
594923
297780
644998
613884
225588
796951
141699
127495
44079
813989
464352
796675
882951
968060
27017
172485
652365
12352
997064
821760
421993
812728
137485
502751
884720
863994